(12, 312)
[0.39391667 0.34766667 0.48016667 0.40241667 0.43516667 0.45416667
 0.40508333 0.52658333 0.63333333 0.58616667 0.53591667 0.43241667
 0.44275    0.34716667 0.50175    0.3495     0.43058333 0.50741667
 0.49866667 0.44833333 0.46875    0.47708333 0.622      0.59125
 0.47716667 0.47275    0.39391667 0.34766667 0.48016667 0.40241667
 0.43516667 0.45416667 0.40508333 0.52658333 0.63333333 0.58616667
 0.53591667 0.43241667 0.44275    0.34716667 0.50175    0.3495
 0.43058333 0.50741667 0.49866667 0.44833333 0.46875    0.47708333
 0.622      0.59125    0.47716667 0.47275    0.39391667 0.34766667
 0.48016667 0.40241667 0.43516667 0.45416667 0.40508333 0.52658333
 0.63333333 0.58616667 0.53591667 0.43241667 0.44275    0.34716667
 0.50175    0.3495     0.43058333 0.50741667 0.49866667 0.44833333
 0.46875    0.47708333 0.622      0.59125    0.47716667 0.47275
 0.39391667 0.34766667 0.48016667 0.40241667 0.43516667 0.45416667
 0.40508333 0.52658333 0.63333333 0.58616667 0.53591667 0.43241667
 0.44275    0.34716667 0.50175    0.3495     0.43058333 0.50741667
 0.49866667 0.44833333 0.46875    0.47708333 0.622      0.59125
 0.47716667 0.47275    0.39391667 0.34766667 0.48016667 0.40241667
 0.43516667 0.45416667 0.40508333 0.52658333 0.63333333 0.58616667
 0.53591667 0.43241667 0.44275    0.34716667 0.50175    0.3495
 0.43058333 0.50741667 0.49866667 0.44833333 0.46875    0.47708333
 0.622      0.59125    0.47716667 0.47275    0.39391667 0.34766667
 0.48016667 0.40241667 0.43516667 0.45416667 0.40508333 0.52658333
 0.63333333 0.58616667 0.53591667 0.43241667 0.44275    0.34716667
 0.50175    0.3495     0.43058333 0.50741667 0.49866667 0.44833333
 0.46875    0.47708333 0.622      0.59125    0.47716667 0.47275
 0.39391667 0.34766667 0.48016667 0.40241667 0.43516667 0.45416667
 0.40508333 0.52658333 0.63333333 0.58616667 0.53591667 0.43241667
 0.44275    0.34716667 0.50175    0.3495     0.43058333 0.50741667
 0.49866667 0.44833333 0.46875    0.47708333 0.622      0.59125
 0.47716667 0.47275    0.39391667 0.34766667 0.48016667 0.40241667
 0.43516667 0.45416667 0.40508333 0.52658333 0.63333333 0.58616667
 0.53591667 0.43241667 0.44275    0.34716667 0.50175    0.3495
 0.43058333 0.50741667 0.49866667 0.44833333 0.46875    0.47708333
 0.622      0.59125    0.47716667 0.47275    0.39391667 0.34766667
 0.48016667 0.40241667 0.43516667 0.45416667 0.40508333 0.52658333
 0.63333333 0.58616667 0.53591667 0.43241667 0.44275    0.34716667
 0.50175    0.3495     0.43058333 0.50741667 0.49866667 0.44833333
 0.46875    0.47708333 0.622      0.59125    0.47716667 0.47275
 0.39391667 0.34766667 0.48016667 0.40241667 0.43516667 0.45416667
 0.40508333 0.52658333 0.63333333 0.58616667 0.53591667 0.43241667
 0.44275    0.34716667 0.50175    0.3495     0.43058333 0.50741667
 0.49866667 0.44833333 0.46875    0.47708333 0.622      0.59125
 0.47716667 0.47275    0.39391667 0.34766667 0.48016667 0.40241667
 0.43516667 0.45416667 0.40508333 0.52658333 0.63333333 0.58616667
 0.53591667 0.43241667 0.44275    0.34716667 0.50175    0.3495
 0.43058333 0.50741667 0.49866667 0.44833333 0.46875    0.47708333
 0.622      0.59125    0.47716667 0.47275    0.39391667 0.34766667
 0.48016667 0.40241667 0.43516667 0.45416667 0.40508333 0.52658333
 0.63333333 0.58616667 0.53591667 0.43241667 0.44275    0.34716667
 0.50175    0.3495     0.43058333 0.50741667 0.49866667 0.44833333
 0.46875    0.47708333 0.622      0.59125    0.47716667 0.47275   ]
